04-18;DEN-MIN;92-106;
22-31;22-20;20-28;26-27;
DEN
Marcus Camby;n;37:00;8;13;0;1;3;4;1;7;8;0;0;2;1;5;19;
Carmelo Anthony;n;36:00;6;17;0;5;7;10;2;4;6;3;2;0;3;6;19;
Andre Miller;n;26:00;5;9;0;0;2;2;1;1;2;3;0;0;1;3;12;
Voshon Lenard;n;23:00;3;9;0;3;1;2;0;2;2;3;0;0;2;1;7;
Nene Hilario;n;32:00;2;8;0;0;0;0;3;4;7;4;2;2;1;4;4;
Earl Boykins;;24:00;7;10;2;2;0;0;0;1;1;5;1;1;2;1;16;
Jon Barry;;28:00;3;8;1;5;2;2;1;1;2;3;0;0;2;1;9;
Francisco Elson;;11:00;3;3;0;0;0;0;0;3;3;2;0;0;0;5;6;
Chris Andersen;;12:00;0;2;0;0;0;0;1;2;3;0;0;1;0;0;0;
Rodney White;;6:00;0;5;0;1;0;0;1;0;1;0;1;0;0;0;0;
Michael Doleac;;4:00;0;1;0;0;0;0;0;0;0;0;0;0;0;0;0;
Ryan Bowen;;1:00;0;0;0;0;0;0;0;0;0;0;0;0;0;0;0;
MIN
Sam Cassell;n;42:00;16;24;5;6;3;3;2;1;3;3;0;0;4;2;40;
Kevin Garnett;n;36:00;13;30;0;0;4;6;4;16;20;4;1;2;5;5;30;
Latrell Sprewell;n;39:00;2;11;0;3;7;8;2;2;4;4;3;1;2;1;11;
Trenton Hassell;n;30:00;3;6;0;0;1;2;3;2;5;1;1;0;0;2;7;
Ervin Johnson;n;29:00;1;2;0;0;2;3;5;0;5;3;0;1;0;4;4;
Wally Szczerbiak;;25:00;3;8;1;2;2;2;0;4;4;2;0;1;2;2;9;
Michael Olowokandi;;18:00;2;3;0;0;0;0;1;1;2;0;0;1;0;1;4;
Darrick Martin;;6:00;0;1;0;1;1;2;0;1;1;1;0;0;0;0;1;
Mark Madsen;;8:00;0;1;0;0;0;2;1;1;2;0;0;0;0;0;0;
Fred Hoiberg;;5:00;0;1;0;0;0;0;0;2;2;0;0;0;1;1;0;
Oliver Miller;;1:00;0;0;0;0;0;0;0;0;0;0;0;0;0;0;0;
Gary Trent;;1:00;0;0;0;0;0;0;0;0;0;0;0;0;0;0;0;
