14-15
115-120
04
27
team
ATL
115
q
1
24
q
2
27
q
3
31
q
4
22
11
25
q
1
20
q
2
29
q
3
30
q
4
16
120
team
BKN
team
ATL
player
DeMarre Carroll
1
44
0.5333333333333333
8
15
0.8
4
5
-1
0
0
0.66666666666667
9
7
2
5
1
0
1
3
20
player
Jeff Teague
1
39
0.4375
7
16
0.25
1
4
0.625
5
8
0.54945054945055
4
0
4
11
2
0
5
1
20
player
Al Horford
1
31
0.6153846153846154
8
13
-1
0
0
0.5
1
2
0.63244047619048
7
3
4
1
1
0
2
5
17
player
Paul Millsap
1
47
0.5
7
14
0.25
1
4
0.5
1
2
0.55401662049861
12
3
9
4
3
3
1
5
16
player
Kyle Korver
1
45
0.375
6
16
0.3076923076923077
4
13
-1
0
0
0.5
11
0
11
3
0
0
1
1
16
player
Dennis Schroder
0
14
0.4444444444444444
4
9
0
0
1
1
2
2
0.50607287449393
0
0
0
3
0
0
4
1
10
player
Mike Scott
0
11
0.5
3
6
0.5
1
2
1
1
1
0.62111801242236
4
3
1
0
0
0
0
1
8
player
Pero Antic
0
17
0.5
2
4
0.6666666666666666
2
3
-1
0
0
0.75
4
1
3
0
0
1
2
1
6
player
Kent Bazemore
0
17
0.5
1
2
0
0
1
-1
0
0
0.5
4
1
3
0
0
2
0
1
2
team
BKN
player
Deron Williams
1
46
0.52
13
25
0.6363636363636364
7
11
1
2
2
0.67619783616692
5
0
5
7
3
0
2
5
35
player
Brook Lopez
1
43
0.5789473684210527
11
19
-1
0
0
0.6666666666666666
4
6
0.626204238921
10
3
7
3
2
4
1
5
26
player
Joe Johnson
1
46
0.3125
5
16
0.3333333333333333
2
6
1
5
5
0.46703296703297
6
1
5
5
0
0
1
0
17
player
Bojan Bogdanovic
1
44
0.5
6
12
0.5
3
6
-1
0
0
0.625
6
1
5
3
0
0
1
2
15
player
Thaddeus Young
1
39
0.45454545454545453
5
11
0
0
1
0
0
1
0.45454545454545
7
4
3
3
2
0
0
3
10
player
Alan Anderson
0
22
0.6666666666666666
4
6
0.6666666666666666
2
3
0.3333333333333333
1
3
0.85403726708075
4
0
4
1
2
0
1
1
11
player
Jarrett Jack
0
22
0.2857142857142857
2
7
0
0
4
-1
0
0
0.28571428571429
2
2
0
3
3
1
3
3
4
player
Mason Plumlee
0
4
-1
0
0
-1
0
0
0.5
2
4
1.1363636363636
0
0
0
0
1
0
0
0
2
